18
1 207 3
2 245 3
3 176 2
4 233 3
5 315 4
6 150 2
7 228 3
8 191 2
9 171 2
10 205 3
11 278 3
12 227 3
13 277 3
14 334 4
15 215 3
16 132 2
17 148 2
18 269 3
-1

66

1 4
1 0
2 18
3 8
4 1

2 3
1 12
2 1
3 1

3 4
1 0
2 4
3 4
4 9

4 4
1 0
2 10
3 10
4 10

5 4
1 11
2 1
3 0
4 3

6 4
1 7
2 10
3 11
4 2

7 4
1 9
2 4
3 2
4 4

8 4
1 8
2 0
3 1
4 6

9 4
1 6
2 3
3 2
4 0

10 4
1 6
2 0
3 1
4 4

11 4
1 3
2 9
3 1
4 5

12 4
1 1
2 2
3 16
4 5

13 4
1 1
2 12
3 6
4 2

14 4
1 5
2 2
3 5
4 2

15 4
1 0
2 1
3 3
4 12

16 4
1 0
2 7
3 0
4 4

17 3
1 15
2 2
3 2

18 4
1 0
2 2
3 9
4 1

19 3
1 5
2 18
3 3

20 4
1 1
2 9
3 4
4 4

21 4
1 1
2 12
3 0
4 5

22 4
1 4
2 1
3 11
4 4

23 4
1 7
2 2
3 3
4 3

24 4
1 1
2 12
3 0
4 2

25 4
1 2
2 0
3 15
4 1

26 3
1 6
2 11
3 6

27 4
1 7
2 2
3 1
4 7

28 2
1 15
2 7

29 4
1 0
2 0
3 11
4 0

30 4
1 2
2 2
3 2
4 18

31 3
1 6
2 3
3 17

32 4
1 5
2 3
3 5
4 0

33 3
1 3
2 18
3 2

34 4
1 6
2 12
3 0
4 3

35 4
1 10
2 7
3 4
4 8

36 2
1 3
2 8

37 4
1 8
2 9
3 0
4 11

38 3
1 1
2 24
3 0

39 4
1 2
2 7
3 3
4 1

40 4
1 1
2 5
3 0
4 6

41 4
1 4
2 2
3 3
4 1

42 3
1 1
2 22
3 2

43 4
1 6
2 3
3 2
4 5

44 4
1 1
2 2
3 6
4 11

45 4
1 14
2 2
3 1
4 3

46 4
1 16
2 3
3 3
4 3

47 4
1 0
2 20
3 4
4 1

48 3
1 4
2 15
3 1

49 4
1 12
2 2
3 6
4 2

50 4
1 0
2 7
3 3
4 19

51 4
1 1
2 15
3 1
4 7

52 3
1 0
2 4
3 13

53 4
1 5
2 5
3 10
4 1

54 4
1 4
2 11
3 4
4 10

55 4
1 7
2 12
3 1
4 8

56 4
1 5
2 1
3 3
4 11

57 3
1 1
2 6
3 8

58 2
1 12
2 1

59 4
1 2
2 4
3 4
4 13

60 2
1 0
2 22

61 1
1 24

62 4
1 10
2 9
3 0
4 0

63 4
1 16
2 5
3 1
4 5

64 4
1 2
2 7
3 11
4 1

65 2
1 13
2 4

66 4
1 12
2 2
3 0
4 9

