18
1 228 3
2 190 2
3 244 3
4 252 3
5 372 4
6 169 2
7 172 2
8 176 2
9 152 2
10 134 2
11 327 4
12 190 2
13 288 3
14 372 4
15 198 3
16 153 2
17 188 2
18 237 3
-1

66

1 4
1 7
2 5
3 7
4 8

2 3
1 1
2 2
3 11

3 4
1 15
2 0
3 0
4 2

4 4
1 5
2 6
3 9
4 10

5 4
1 7
2 6
3 1
4 1

6 4
1 12
2 14
3 0
4 4

7 4
1 2
2 7
3 8
4 2

8 4
1 3
2 3
3 0
4 9

9 4
1 1
2 1
3 2
4 7

10 4
1 0
2 0
3 2
4 9

11 4
1 2
2 5
3 10
4 1

12 4
1 5
2 4
3 8
4 7

13 4
1 6
2 10
3 4
4 1

14 4
1 13
2 1
3 0
4 0

15 4
1 15
2 0
3 1
4 0

16 4
1 3
2 4
3 3
4 1

17 3
1 0
2 19
3 0

18 4
1 1
2 4
3 7
4 0

19 3
1 3
2 19
3 4

20 4
1 6
2 0
3 1
4 11

21 4
1 3
2 13
3 0
4 2

22 4
1 3
2 0
3 15
4 2

23 4
1 9
2 4
3 0
4 2

24 4
1 0
2 0
3 10
4 5

25 4
1 5
2 8
3 1
4 4

26 3
1 6
2 7
3 10

27 4
1 5
2 8
3 0
4 4

28 2
1 3
2 19

29 4
1 4
2 6
3 1
4 0

30 4
1 1
2 2
3 3
4 18

31 3
1 7
2 4
3 15

32 4
1 6
2 0
3 6
4 1

33 3
1 5
2 3
3 15

34 4
1 10
2 6
3 1
4 4

35 4
1 8
2 9
3 12
4 0

36 2
1 2
2 9

37 4
1 1
2 24
3 3
4 0

38 3
1 20
2 1
3 4

39 4
1 2
2 1
3 10
4 0

40 4
1 9
2 1
3 0
4 2

41 4
1 1
2 5
3 1
4 3

42 3
1 0
2 13
3 12

43 4
1 2
2 2
3 10
4 2

44 4
1 12
2 3
3 2
4 3

45 4
1 0
2 0
3 3
4 17

46 4
1 6
2 6
3 1
4 12

47 4
1 17
2 2
3 3
4 3

48 3
1 3
2 8
3 9

49 4
1 3
2 2
3 16
4 1

50 4
1 7
2 5
3 0
4 17

51 4
1 8
2 0
3 14
4 2

52 3
1 1
2 0
3 16

53 4
1 10
2 1
3 7
4 3

54 4
1 10
2 14
3 2
4 3

55 4
1 9
2 1
3 15
4 3

56 4
1 0
2 8
3 2
4 10

57 3
1 10
2 1
3 4

58 2
1 4
2 9

59 4
1 3
2 2
3 2
4 16

60 2
1 16
2 6

61 1
1 24

62 4
1 14
2 0
3 1
4 4

63 4
1 2
2 10
3 12
4 3

64 4
1 0
2 6
3 8
4 7

65 2
1 2
2 15

66 4
1 5
2 5
3 0
4 13

