18
1 209 3
2 155 2
3 189 2
4 174 2
5 291 4
6 128 2
7 188 2
8 135 2
9 118 2
10 132 2
11 226 3
12 143 2
13 191 2
14 262 3
15 129 2
16 78 1
17 133 2
18 170 2
-1

66

1 4
1 10
2 6
3 1
4 1

2 3
1 3
2 9
3 5

3 4
1 1
2 5
3 1
4 9

4 4
1 6
2 1
3 0
4 3

5 4
1 3
2 8
3 2
4 4

6 4
1 10
2 8
3 0
4 2

7 4
1 1
2 2
3 2
4 10

8 4
1 0
2 5
3 7
4 6

9 4
1 8
2 1
3 10
4 0

10 4
1 5
2 5
3 2
4 2

11 4
1 0
2 4
3 5
4 3

12 4
1 5
2 4
3 0
4 3

13 4
1 0
2 0
3 10
4 6

14 4
1 0
2 0
3 11
4 6

15 4
1 0
2 0
3 2
4 12

16 4
1 0
2 2
3 5
4 6

17 3
1 5
2 4
3 2

18 4
1 10
2 0
3 7
4 3

19 3
1 10
2 4
3 4

20 4
1 0
2 0
3 2
4 14

21 4
1 1
2 4
3 0
4 14

22 4
1 0
2 1
3 5
4 9

23 4
1 6
2 1
3 4
4 4

24 4
1 11
2 2
3 6
4 0

25 4
1 0
2 15
3 2
4 2

26 3
1 12
2 3
3 2

27 4
1 0
2 5
3 4
4 2

28 2
1 10
2 5

29 4
1 3
2 0
3 0
4 9

30 4
1 0
2 0
3 3
4 7

31 3
1 6
2 3
3 3

32 4
1 0
2 6
3 0
4 5

33 3
1 1
2 1
3 10

34 4
1 5
2 5
3 1
4 0

35 4
1 5
2 2
3 0
4 4

36 2
1 11
2 0

37 4
1 0
2 14
3 0
4 1

38 3
1 5
2 9
3 3

39 4
1 6
2 8
3 1
4 5

40 4
1 7
2 3
3 3
4 0

41 4
1 2
2 0
3 1
4 10

42 3
1 9
2 0
3 6

43 4
1 0
2 3
3 9
4 1

44 4
1 1
2 0
3 16
4 2

45 4
1 8
2 1
3 3
4 3

46 4
1 3
2 7
3 0
4 3

47 4
1 8
2 1
3 8
4 2

48 3
1 4
2 11
3 4

49 4
1 0
2 8
3 4
4 0

50 4
1 5
2 3
3 3
4 6

51 4
1 0
2 1
3 10
4 2

52 3
1 4
2 5
3 9

53 4
1 3
2 5
3 3
4 8

54 4
1 1
2 0
3 14
4 1

55 4
1 6
2 6
3 4
4 0

56 4
1 8
2 3
3 0
4 2

57 3
1 10
2 2
3 4

58 2
1 5
2 13

59 4
1 5
2 2
3 0
4 8

60 2
1 15
2 3

61 1
1 14

62 4
1 3
2 12
3 0
4 3

63 4
1 8
2 10
3 0
4 2

64 4
1 10
2 8
3 0
4 0

65 2
1 10
2 0

66 4
1 2
2 6
3 1
4 8

