18
1 214 3
2 188 2
3 190 2
4 251 3
5 247 3
6 108 2
7 164 2
8 166 2
9 103 2
10 150 2
11 214 3
12 155 2
13 177 2
14 251 3
15 157 2
16 112 2
17 154 2
18 240 3
-1

66

1 4
1 3
2 6
3 1
4 8

2 3
1 8
2 1
3 8

3 4
1 3
2 5
3 3
4 5

4 4
1 2
2 5
3 1
4 2

5 4
1 5
2 1
3 7
4 4

6 4
1 3
2 4
3 11
4 2

7 4
1 0
2 5
3 0
4 10

8 4
1 2
2 1
3 1
4 14

9 4
1 3
2 11
3 2
4 3

10 4
1 3
2 4
3 4
4 3

11 4
1 0
2 2
3 9
4 1

12 4
1 5
2 4
3 1
4 2

13 4
1 6
2 3
3 5
4 2

14 4
1 1
2 6
3 6
4 4

15 4
1 1
2 4
3 4
4 5

16 4
1 0
2 6
3 1
4 6

17 3
1 1
2 3
3 7

18 4
1 0
2 0
3 7
4 13

19 3
1 0
2 17
3 1

20 4
1 0
2 0
3 3
4 13

21 4
1 5
2 2
3 8
4 4

22 4
1 0
2 3
3 12
4 0

23 4
1 4
2 0
3 4
4 7

24 4
1 14
2 1
3 2
4 2

25 4
1 0
2 2
3 1
4 16

26 3
1 9
2 3
3 5

27 4
1 0
2 6
3 5
4 0

28 2
1 1
2 14

29 4
1 5
2 1
3 1
4 5

30 4
1 2
2 6
3 0
4 2

31 3
1 11
2 0
3 1

32 4
1 7
2 1
3 0
4 3

33 3
1 7
2 3
3 2

34 4
1 1
2 7
3 3
4 0

35 4
1 0
2 0
3 1
4 10

36 2
1 8
2 3

37 4
1 11
2 0
3 2
4 2

38 3
1 1
2 4
3 12

39 4
1 1
2 9
3 1
4 9

40 4
1 0
2 2
3 5
4 6

41 4
1 4
2 3
3 6
4 0

42 3
1 6
2 7
3 2

43 4
1 0
2 6
3 6
4 1

44 4
1 8
2 0
3 2
4 9

45 4
1 7
2 4
3 1
4 3

46 4
1 0
2 10
3 1
4 2

47 4
1 1
2 10
3 6
4 2

48 3
1 6
2 2
3 11

49 4
1 5
2 4
3 2
4 1

50 4
1 1
2 14
3 2
4 0

51 4
1 5
2 3
3 4
4 1

52 3
1 3
2 5
3 10

53 4
1 0
2 1
3 9
4 9

54 4
1 0
2 2
3 1
4 13

55 4
1 2
2 5
3 6
4 3

56 4
1 2
2 8
3 3
4 0

57 3
1 2
2 4
3 10

58 2
1 9
2 9

59 4
1 1
2 4
3 10
4 0

60 2
1 7
2 11

61 1
1 14

62 4
1 5
2 4
3 2
4 7

63 4
1 0
2 7
3 5
4 8

64 4
1 0
2 2
3 7
4 9

65 2
1 0
2 10

66 4
1 1
2 2
3 4
4 10

